-38
-49
22
35
-96
-47
92
-16
78
20
94
48
-5
-98
-52
36
56
-13
-37
-2
-19
27
-63
60
-24
-63
12
-63
-41
36
-94
36
52
-71
-75
24
-72
-51
4
-4
-61
-50
-55
74
69
43
-6
11
74
39
21
90
54
-10
65
-9
49
37
73
81
37
79
-63
60
-56
-7
-49
-32
-76
-58
48
92
-31
-95
31
17
13
-82
-43
83
65
-73
-19
45
30
-73
94
-26
-84
30
-20
77
-49
21
11
-15
80
-24
67
4
59
-65
-63
24
-89
-75
90
-40
11
-50
-5
-45
-1
-90
-43
21
-45
-99
56
83
-81
-31
60
87
97
-62
-49
-59
-30
44
6
9
1
95
-5
-57
58
83
86
96
-37
-89
-27
77
39
-13
-42
-93
-26
26
-78
90
-88
-76
53
15
6
3
69
-96
-21
10
19
-18
-20
18
4
-12
-65
-29
-51
-83
-95
-57
-66
-21
-81
-5
-44
-68
61
-8
72
54
34
75
49
-4
22
7
62
37
4
-39
-89
72
-57
10
-82
-72
-38
56
39
-33
51
41
-100
18
7
-3
-20
-16
-52
-2
-66
64
44
-38
47
-82
-48
-28
-4
77
-53
-85
-45
-41
-49
-87
90
-48
-50
38
-30
38
23
-81
83
40
-27
-80
76
3
41
-52
94
-39
-90
-80
-8
-12
1
-87
-34
24
-37
59
46
26
72
-29
76
34
25
71
77
-53
52
-25
-99
